bubble
flutter
adalo
flutter flow
bubble.io
flutter developer
mobile app development
webflow
bubble developer
flutter app